iowa_square.asc
ncols         256
nrows         256
xllcorner     418863
yllcorner     4637539
cellsize      50
NODATA_value  -9999
[rows 168 to 209 of 256, columns 0 to 93 of 256]
182 182 180 178 177 178 179 180 181 182 181 181 181 181 183 182 179 179 179 179 178 179 180 180 180 181 182 182 181 180 178 178 178 179 179 179 180 181 181 182 181 179 177 177 178 179 180 181 183 183 179 177 176 174 173 179 182 185 185 182 182 181 179 180 180 180 181 182 181 181 181 179 179 180 181 182 181 180 180 180 180 181 182 180 179 180 181 181 181 181 181 182 183 183
182 183 182 179 179 179 180 181 181 181 181 181 181 181 182 183 182 181 180 179 178 178 179 180 180 181 181 182 182 181 179 178 178 179 179 179 180 181 182 183 183 181 178 176 177 178 179 180 182 183 181 179 180 179 176 174 174 181 187 182 180 180 179 179 181 181 180 181 180 181 181 179 178 179 180 182 181 180 179 180 180 181 182 181 180 180 181 181 181 182 181 181 182 183
182 183 183 181 180 179 180 181 182 182 181 181 181 181 181 182 183 182 181 180 180 179 179 179 180 181 181 181 182 182 181 179 178 179 179 180 179 180 182 183 184 183 180 177 177 179 179 179 181 182 181 180 180 180 180 179 172 176 185 181 178 179 179 179 181 182 180 180 180 181 181 180 178 178 179 180 180 180 179 179 180 181 182 181 180 180 181 180 180 182 182 181 181 182
182 182 183 181 180 179 179 180 180 180 181 181 181 181 181 181 182 182 182 181 180 180 179 179 179 180 181 182 182 183 182 181 180 179 179 179 179 179 180 182 184 184 182 178 178 179 179 179 179 181 181 181 181 180 181 183 177 179 187 183 178 178 178 178 181 181 181 181 180 180 181 180 179 178 178 179 180 180 179 180 181 181 181 181 180 181 181 180 179 181 183 182 180 180
179 180 181 181 181 180 179 179 179 179 179 180 180 181 181 181 182 182 182 181 181 180 179 178 178 179 180 181 183 182 182 181 181 180 179 179 180 179 178 181 183 184 183 180 178 179 180 179 178 179 181 181 181 180 180 181 176 179 190 188 182 180 178 181 183 181 181 181 181 180 180 181 180 179 179 179 180 180 180 180 180 181 180 179 179 180 182 181 180 180 182 183 180 180
178 179 179 180 181 180 179 180 180 178 178 179 179 179 180 180 180 180 181 181 181 181 181 179 179 179 179 181 182 182 181 181 182 181 179 179 179 180 179 180 182 183 183 181 179 179 180 180 179 179 179 180 180 179 177 176 172 172 183 189 186 182 179 183 184 182 182 182 182 181 181 182 182 181 180 180 180 180 180 180 180 181 180 179 178 179 180 180 180 181 183 184 182 180
178 179 179 180 180 180 180 181 180 179 178 179 178 178 179 179 179 180 180 181 180 180 181 180 179 178 179 180 181 182 181 181 182 181 180 179 179 180 179 180 182 182 180 179 178 178 179 180 180 179 178 179 180 181 179 177 174 170 173 182 186 185 183 185 184 181 182 182 182 181 182 182 182 182 181 181 180 179 180 181 181 182 182 180 180 179 179 179 178 180 183 184 182 181
177 178 180 180 180 180 181 182 181 179 179 180 179 180 181 180 180 181 182 182 180 180 180 180 178 178 178 179 180 181 182 182 183 182 182 180 179 180 180 181 184 183 182 179 178 177 177 178 179 179 178 178 180 182 181 180 178 174 171 173 178 184 187 187 184 180 181 182 182 181 181 181 182 182 182 182 181 180 180 181 181 182 183 182 181 180 180 180 178 179 181 182 182 182
177 177 179 180 180 180 180 182 182 180 180 180 180 181 182 181 181 182 182 182 181 180 181 180 179 178 179 179 178 179 181 183 184 183 184 183 181 182 182 183 187 189 188 186 183 180 179 179 180 180 178 178 179 180 180 180 179 177 173 168 165 177 188 187 183 179 179 180 182 181 181 181 181 182 182 182 182 181 181 181 181 180 181 183 182 182 181 181 180 179 179 180 181 182
179 178 178 179 179 179 180 182 182 181 180 180 179 180 181 181 181 181 182 182 182 181 181 181 180 178 179 180 178 178 180 182 182 182 184 184 183 182 182 182 184 187 189 191 189 186 183 181 182 182 180 179 180 181 180 180 180 179 177 172 160 170 188 186 181 180 179 179 181 182 181 181 180 180 181 181 181 181 181 182 181 180 180 182 183 183 182 182 181 180 179 179 180 181
181 180 179 179 179 179 180 181 182 182 181 180 179 179 180 180 180 181 182 182 181 181 181 181 180 178 179 180 179 178 179 180 179 179 179 180 179 179 177 177 176 175 178 185 188 190 189 185 184 184 181 180 183 184 183 182 182 181 180 177 166 172 189 187 181 181 179 178 180 181 181 180 179 179 179 180 180 180 180 181 180 179 179 181 183 183 182 182 182 181 180 180 179 180
182 182 181 181 180 180 180 181 181 181 182 181 180 179 179 180 180 181 182 182 181 181 181 182 180 178 178 180 180 179 180 179 178 177 177 177 176 176 175 176 177 173 171 172 176 183 189 190 190 187 183 182 187 193 194 192 186 183 182 179 175 181 191 188 182 183 182 181 181 181 181 181 180 179 179 180 180 179 179 180 179 177 178 179 181 181 181 182 181 182 182 181 180 180
181 181 182 182 180 180 180 181 180 180 181 180 180 179 179 180 179 179 180 181 182 181 182 182 181 178 178 179 179 180 180 179 179 179 179 179 179 179 178 179 180 178 173 170 168 169 175 182 190 192 188 184 183 187 192 198 197 188 181 179 181 181 184 185 183 183 182 181 181 181 182 182 181 180 181 181 181 180 179 181 180 177 177 179 180 180 181 181 181 180 181 182 182 181
181 180 181 181 181 180 179 180 179 178 179 180 179 179 179 180 179 179 179 179 181 181 181 181 181 178 177 178 179 180 179 179 179 179 179 181 181 181 180 180 180 178 175 174 172 169 166 167 175 183 183 178 173 168 169 182 196 198 186 179 181 176 176 178 179 180 178 178 178 179 181 182 181 181 181 182 182 181 181 182 181 179 179 180 180 180 181 182 181 179 180 182 182 182
180 179 179 180 181 180 180 180 180 179 180 180 180 179 180 180 180 180 180 179 180 181 181 181 180 178 177 178 179 179 179 179 180 179 179 180 181 181 181 182 181 179 177 176 176 176 174 169 167 170 171 172 173 169 163 162 172 188 188 178 178 178 178 176 177 179 180 179 178 178 180 181 181 181 181 182 182 181 181 182 181 179 179 179 180 179 180 182 182 180 180 182 182 182
180 178 178 178 179 179 180 181 180 180 180 180 180 180 179 179 180 181 181 180 180 182 182 182 181 179 178 179 180 179 178 179 180 179 179 179 180 180 181 183 183 181 179 177 177 178 179 176 173 174 175 175 177 177 173 167 159 172 188 184 181 181 179 179 179 180 181 181 180 179 179 180 181 181 180 180 181 181 181 182 180 178 179 180 180 181 181 182 183 182 180 180 181 181
181 180 179 178 178 179 180 181 180 179 179 180 180 181 181 180 179 180 180 180 180 182 183 183 181 179 179 180 181 180 179 179 180 179 180 179 180 180 181 184 184 183 182 179 177 178 179 178 177 178 179 179 179 179 177 171 161 174 199 203 196 189 182 180 181 181 180 180 180 179 179 179 180 181 181 181 181 181 182 182 181 179 179 181 181 182 182 182 182 183 181 179 179 180
180 182 182 180 179 179 180 181 181 179 179 180 181 182 182 181 180 180 180 179 179 180 182 183 182 180 180 181 180 179 179 179 179 179 180 179 179 180 181 183 184 184 184 181 179 178 178 178 179 180 180 180 180 180 179 171 156 162 186 200 204 192 182 180 181 182 181 179 179 179 179 179 179 181 182 182 181 181 183 183 182 181 180 180 180 182 182 181 181 183 183 181 179 179
178 180 181 181 178 177 178 179 180 179 179 179 179 181 182 181 180 180 180 180 179 179 180 182 181 180 181 182 181 180 179 178 177 178 179 180 180 180 180 181 182 183 184 183 181 179 179 179 179 180 180 181 181 182 182 178 165 159 159 177 202 197 183 181 181 182 181 180 178 178 179 180 179 179 180 181 180 180 182 182 182 182 180 179 179 182 182 181 181 182 183 182 180 180
178 179 180 179 178 177 176 177 178 178 178 177 177 179 180 181 181 180 181 181 179 177 178 180 180 180 181 181 181 180 179 179 177 177 179 180 180 180 180 180 181 181 182 183 182 181 180 180 180 180 180 182 182 184 183 180 176 172 155 158 196 203 193 188 181 180 181 180 178 178 180 181 180 179 180 181 180 180 182 183 182 183 182 181 180 182 182 181 181 182 181 180 181 181
179 180 181 180 179 178 178 178 179 179 179 178 177 177 178 180 180 179 180 181 179 176 176 178 179 179 180 180 181 181 181 181 179 178 179 180 180 180 179 180 181 180 180 181 181 181 181 181 181 180 180 182 182 182 181 174 172 175 162 153 187 198 196 194 181 180 181 180 178 177 179 182 182 180 181 182 181 181 183 184 182 181 182 181 181 182 182 181 181 181 180 180 180 181
180 181 183 182 181 180 180 180 180 181 181 180 179 178 177 178 179 178 179 181 181 178 176 178 179 180 179 180 181 181 181 182 180 179 180 181 180 179 179 180 180 180 179 177 177 179 179 180 180 179 178 179 180 179 179 175 174 178 168 159 182 194 200 199 184 181 181 181 178 177 179 182 183 182 181 181 180 180 183 184 181 179 180 180 180 181 182 182 182 182 182 180 180 181
180 181 183 183 182 181 181 180 180 181 181 181 181 180 179 179 179 179 180 181 182 180 178 179 181 181 181 181 181 181 181 181 180 180 181 182 181 178 177 178 179 181 181 178 176 177 178 178 178 177 175 175 177 178 179 177 176 177 166 162 170 181 203 206 192 184 182 184 180 177 179 184 185 183 181 181 181 183 186 186 182 179 180 181 180 180 181 182 183 185 185 182 181 181
179 180 181 182 183 182 182 181 180 180 180 180 181 181 179 179 181 182 182 181 181 180 180 183 186 187 185 182 181 180 179 179 178 178 181 184 182 178 176 176 177 181 183 182 178 177 177 176 176 176 175 174 177 180 182 180 176 175 165 163 159 160 192 209 206 192 185 187 184 177 178 183 184 182 181 181 180 181 182 185 182 178 179 182 181 180 181 180 181 184 184 183 181 181
179 179 179 179 180 181 182 181 181 180 179 179 181 183 180 179 181 185 185 182 180 180 180 182 186 190 189 184 182 182 181 180 179 176 180 186 184 179 176 176 176 179 182 183 181 179 177 177 178 179 179 178 179 181 182 181 178 174 171 172 161 149 167 194 209 206 195 191 186 179 181 182 181 181 183 181 177 176 176 181 182 178 179 183 182 181 181 180 180 183 184 183 181 180
182 182 180 178 179 180 181 182 182 181 178 177 181 185 183 180 179 182 186 185 183 181 179 177 177 183 190 188 184 184 184 184 185 179 181 191 189 184 180 180 179 179 181 182 182 181 178 177 178 179 179 178 179 180 180 180 179 173 173 180 172 155 148 163 189 204 203 194 186 184 189 187 183 182 184 183 180 178 177 180 182 179 178 182 184 183 182 180 180 183 185 185 182 179
182 184 182 180 179 180 181 181 182 183 180 177 180 184 182 180 177 176 181 185 184 182 179 176 172 175 186 190 187 186 186 188 191 183 184 195 198 191 184 184 182 180 180 181 181 182 180 177 178 179 179 178 179 179 179 179 179 175 172 178 179 170 157 150 161 186 204 201 188 188 192 189 184 179 179 183 183 180 178 179 181 179 177 180 182 184 183 181 180 181 183 184 183 179
181 182 183 181 180 180 180 181 182 184 181 178 179 179 180 180 177 173 173 177 178 178 178 178 176 174 179 186 187 187 186 185 185 180 176 183 198 197 185 185 183 181 179 179 180 182 181 178 178 180 180 179 179 179 179 179 180 180 177 179 180 177 171 159 149 166 197 204 194 192 192 189 185 180 179 182 183 181 178 179 181 179 176 178 180 182 183 183 182 180 181 183 184 181
180 181 182 181 180 179 179 179 181 184 180 179 179 177 179 180 179 174 171 172 174 176 177 177 177 175 174 175 176 178 179 177 175 174 167 164 184 198 189 183 182 181 180 179 179 180 180 177 177 180 181 180 179 178 178 179 180 181 179 180 182 177 176 173 154 147 173 194 192 182 181 187 187 184 183 182 183 181 178 179 181 180 177 178 178 179 182 185 185 180 179 180 183 187
180 180 180 180 180 179 177 177 179 182 180 181 181 178 180 181 180 177 174 175 177 178 177 176 176 177 176 173 170 170 175 175 175 177 171 161 168 191 194 185 182 182 182 181 180 179 177 176 176 178 180 179 178 177 177 178 179 180 179 181 183 179 177 179 168 146 155 186 194 178 167 178 183 181 181 181 182 180 178 179 181 180 179 180 178 177 179 185 188 183 181 177 175 188
178 179 179 180 181 180 177 176 178 180 181 181 182 180 179 179 180 179 176 176 178 178 177 177 177 179 179 178 176 175 178 178 178 180 177 168 161 182 196 188 183 183 183 183 182 180 177 175 175 177 178 179 177 176 176 177 178 179 179 180 181 179 177 181 180 158 154 188 207 196 175 175 180 179 179 180 181 181 180 180 180 180 180 181 179 177 176 182 188 185 185 179 166 177
178 178 178 179 182 182 178 176 178 179 180 181 182 182 180 179 180 180 178 178 179 178 176 177 178 179 178 178 177 177 179 180 180 180 178 174 160 177 198 190 184 183 185 184 184 182 178 175 174 175 177 179 177 175 175 177 178 179 179 180 180 178 176 177 181 168 156 180 207 208 191 182 183 182 181 182 182 183 183 183 181 180 181 182 180 176 173 176 184 185 192 190 169 171
178 178 179 180 183 183 180 177 177 179 179 180 182 183 182 181 180 180 179 180 181 179 177 177 179 179 179 178 178 179 180 182 182 180 177 181 167 177 201 195 184 185 187 185 186 186 182 178 176 176 177 179 179 177 176 177 179 180 180 179 179 182 179 171 170 166 154 167 197 206 195 184 184 182 182 182 182 181 184 186 183 183 182 181 180 177 173 172 176 179 190 195 178 175
180 179 179 180 182 183 180 178 178 178 179 180 181 182 183 181 180 180 181 181 182 180 178 178 179 180 180 179 179 179 179 181 182 180 174 177 169 170 196 201 187 185 188 185 190 192 189 185 180 178 178 179 183 181 178 180 182 182 181 178 176 186 188 175 168 164 157 167 192 203 193 181 180 180 180 182 182 179 185 190 184 186 188 183 181 179 178 175 171 170 177 192 189 184
182 179 179 180 182 182 180 179 179 178 178 179 180 182 183 181 179 180 181 182 182 180 179 178 178 179 180 179 179 179 178 179 181 179 172 169 165 158 176 199 195 188 186 181 191 194 191 188 184 181 178 177 184 186 178 182 186 184 184 179 168 183 196 183 175 171 170 177 189 195 189 180 179 178 178 182 187 180 182 190 184 184 187 184 182 179 180 183 181 177 173 180 180 173
183 181 180 180 181 181 179 179 180 180 179 178 179 181 184 182 178 178 180 181 182 181 180 178 177 179 180 179 179 180 179 179 180 179 175 172 172 161 156 182 198 198 192 184 195 197 189 188 187 184 179 174 179 189 181 185 192 186 186 180 163 170 196 197 183 176 179 182 182 183 182 180 179 181 181 180 190 192 191 191 184 183 185 183 181 178 176 186 194 190 186 186 178 160
182 181 180 180 181 180 178 178 179 181 182 179 178 180 184 183 178 175 177 179 182 183 182 179 177 178 179 179 179 179 179 179 179 179 178 175 177 171 156 161 187 201 196 191 201 206 198 192 191 186 181 175 171 182 183 188 192 184 184 180 168 163 190 203 189 182 181 179 179 181 180 180 177 177 179 177 187 192 188 186 180 182 185 183 182 183 180 183 192 191 194 205 206 191
182 180 180 181 182 181 179 178 178 180 183 182 178 179 183 184 180 175 176 178 181 183 184 182 179 178 178 179 179 179 179 179 179 178 178 176 176 176 169 158 170 182 173 171 188 205 204 196 192 186 185 185 173 167 173 189 190 182 182 180 172 165 182 193 186 180 177 176 178 180 180 181 177 173 168 160 179 190 179 178 177 179 183 179 178 187 189 186 187 186 192 209 217 212
182 180 180 181 182 182 181 179 178 179 182 182 179 178 181 184 183 177 176 177 179 181 183 182 180 178 179 179 180 180 181 181 180 179 181 181 179 176 174 168 173 173 158 150 162 182 195 200 196 185 181 192 195 179 174 191 195 186 184 184 176 174 180 175 172 178 187 189 185 181 180 182 182 179 168 147 163 199 199 184 180 184 187 174 170 183 191 193 190 182 185 203 214 212
182 181 180 181 181 182 182 181 179 179 181 181 179 179 180 183 184 180 177 178 179 180 180 180 179 179 180 181 181 182 182 182 180 180 182 184 184 181 173 168 179 184 171 159 159 165 182 203 208 199 188 191 205 200 194 205 202 190 178 165 170 185 187 172 157 165 185 197 191 182 179 181 186 186 179 160 148 187 209 195 183 187 191 175 170 178 187 196 195 184 178 184 195 200
181 182 181 182 181 180 181 182 181 180 180 179 179 180 180 181 183 181 179 180 180 180 181 181 180 180 181 182 182 182 182 181 180 179 179 178 177 175 169 166 185 191 175 166 167 163 166 186 201 201 193 185 191 194 195 210 212 205 196 161 160 186 199 192 172 166 170 185 189 183 176 176 187 191 184 174 148 168 207 209 198 190 190 182 174 178 183 187 189 184 173 162 164 179
180 181 182 183 181 179 179 180 181 181 179 178 178 179 180 181 182 181 180 181 182 182 182 182 181 179 180 181 181 182 182 181 179 179 178 175 172 171 167 164 187 197 180 171 168 157 146 146 153 159 158 151 144 146 158 187 204 204 208 184 170 186 208 218 211 207 199 200 200 189 174 167 183 197 187 178 154 143 174 196 205 200 196 192 179 179 180 176 173 172 169 153 144 158
