iowa_square.asc
ncols         256
nrows         256
xllcorner     418863
yllcorner     4637539
cellsize      50
NODATA_value  -9999
[rows 210 to 251 of 256, columns 0 to 93 of 256]
178 179 181 183 183 180 178 178 180 183 182 178 177 178 180 181 182 181 181 182 184 183 182 181 181 180 180 180 181 182 183 182 180 180 180 180 180 181 175 162 178 194 184 177 173 164 154 146 141 142 148 149 145 134 130 149 172 181 186 182 175 180 196 207 211 214 213 218 221 210 188 170 184 202 192 180 174 164 162 169 175 170 174 183 182 181 178 173 168 165 167 155 136 137
178 178 180 181 182 182 179 177 178 183 184 180 178 178 179 181 182 180 180 181 183 183 181 179 179 180 180 181 181 181 181 181 179 180 180 180 183 186 186 176 180 192 187 182 179 176 176 175 172 171 175 183 186 176 154 140 156 158 149 157 163 164 171 179 186 190 193 205 221 223 203 178 185 193 189 182 184 193 191 188 181 153 146 167 177 178 174 171 172 169 166 155 137 127
181 179 179 180 181 182 181 178 178 181 182 181 178 177 178 180 181 179 178 180 181 182 181 178 177 179 180 181 181 180 179 179 179 180 178 178 184 185 183 178 178 184 185 186 185 181 180 180 181 180 175 179 189 196 189 170 180 169 138 141 145 143 152 164 171 172 173 181 200 217 206 186 199 203 191 180 180 191 196 202 211 186 158 172 180 181 174 171 174 174 170 161 149 137
182 181 180 180 181 182 181 179 180 182 182 181 179 177 178 180 181 178 176 178 180 182 182 179 177 177 179 180 181 181 180 180 181 182 178 174 178 176 170 168 172 177 180 184 185 182 180 180 183 184 173 166 176 183 184 179 191 189 159 153 150 136 140 154 162 166 169 173 186 205 206 197 210 214 199 182 178 182 185 192 205 193 171 178 188 193 189 182 179 177 174 172 168 160
180 181 181 182 183 183 181 180 181 183 183 181 181 179 179 180 181 180 178 177 179 181 182 180 177 176 178 180 182 182 181 180 181 184 181 177 176 175 174 173 175 176 178 181 182 182 180 180 188 190 181 173 174 162 155 165 179 185 173 173 176 155 140 146 152 156 161 170 179 190 196 194 197 202 198 187 179 177 178 182 190 189 179 179 190 198 198 196 192 185 180 177 177 174
180 180 181 182 183 183 181 180 181 183 182 181 181 180 181 180 181 181 180 179 179 180 181 180 179 178 179 181 183 183 182 181 180 181 180 179 180 180 180 180 178 178 178 179 180 181 180 182 192 193 183 178 176 167 156 169 182 183 178 179 193 185 163 155 152 149 148 162 174 173 177 180 181 183 185 184 181 178 173 168 171 176 176 176 185 195 198 200 201 195 184 178 176 176
179 178 179 181 182 182 181 180 180 182 182 180 179 180 181 180 180 181 181 180 179 179 180 180 180 180 180 181 183 183 183 181 179 177 179 181 181 180 180 181 180 179 179 179 179 177 175 178 177 173 172 174 174 173 166 173 186 190 189 185 200 205 195 189 172 155 140 152 172 163 154 160 168 173 175 175 173 172 164 156 161 170 172 174 179 186 194 199 201 196 185 178 176 176
179 177 178 180 181 180 180 179 180 182 181 180 180 180 180 179 178 179 181 181 181 180 180 180 180 180 180 181 182 182 181 179 178 179 181 182 182 181 180 181 180 180 180 178 177 171 171 179 173 161 166 178 179 176 172 174 186 194 193 187 194 201 200 206 200 175 144 150 179 172 145 141 157 165 165 163 161 166 163 153 158 168 171 175 177 179 186 192 197 196 186 178 176 176
180 179 179 180 181 181 179 179 180 181 181 181 181 181 181 179 178 179 180 180 181 181 181 180 180 180 179 178 178 177 177 177 178 180 181 181 181 180 180 181 180 180 179 177 176 170 172 184 185 175 173 177 180 178 173 170 180 187 174 164 168 170 173 192 211 202 168 164 189 189 158 137 150 159 157 155 156 168 171 161 164 169 171 175 175 175 180 180 185 192 187 180 176 176
180 180 180 180 181 181 179 180 180 180 179 180 181 182 181 180 179 180 180 180 180 180 180 179 179 179 178 177 175 176 177 177 178 180 181 181 181 181 180 180 180 179 178 178 178 175 176 181 181 178 178 179 181 181 166 158 177 180 163 150 151 151 147 159 190 201 184 177 190 193 173 151 157 163 158 158 159 168 167 160 165 167 169 175 174 170 177 181 181 184 184 179 176 175
178 178 178 178 180 180 179 179 180 179 178 179 181 181 181 181 181 181 182 180 180 180 179 178 178 179 180 179 176 176 178 178 178 179 181 181 181 181 181 180 180 179 176 177 180 178 178 180 180 179 179 181 183 182 161 149 180 198 191 179 172 164 149 145 155 168 175 176 182 190 179 165 170 175 169 165 164 172 164 153 162 164 167 175 175 168 169 177 182 180 179 177 176 175
177 177 177 177 178 179 178 178 178 178 178 179 181 180 179 180 181 181 182 180 180 180 179 178 178 179 180 179 177 176 177 178 178 179 180 180 181 182 181 180 181 180 176 176 179 178 178 180 181 180 178 181 186 185 167 154 172 195 203 203 197 180 161 153 147 145 161 176 181 181 176 167 173 182 178 168 165 175 169 159 163 160 165 174 176 172 167 172 179 180 179 177 176 177
178 178 179 178 178 179 179 179 178 177 177 179 181 180 177 178 180 180 181 180 179 179 180 179 178 179 180 180 177 175 176 177 177 178 180 180 180 181 180 180 181 181 177 179 183 183 181 180 180 179 176 177 183 185 174 165 161 163 176 195 205 193 173 166 159 152 162 187 192 179 174 169 171 178 177 171 167 173 167 164 167 159 164 173 179 180 177 178 181 182 181 178 177 177
181 180 181 180 180 180 180 179 178 176 176 178 180 180 178 177 178 179 180 180 179 180 180 180 179 179 180 180 178 176 175 175 176 177 179 180 181 182 180 180 180 179 178 182 186 185 182 180 179 178 175 172 173 174 171 170 165 154 150 168 199 203 185 174 168 159 159 186 196 185 182 177 173 176 174 172 173 173 167 168 171 165 170 176 181 182 181 183 183 184 183 180 178 177
181 181 181 182 181 181 180 180 179 177 176 177 178 179 178 177 177 178 179 180 179 180 181 181 180 180 181 182 180 177 175 175 176 177 178 180 182 182 180 180 179 178 178 182 184 184 182 181 180 178 176 174 171 170 172 175 174 169 158 158 189 206 195 180 175 164 153 174 189 184 185 183 178 176 173 173 177 177 172 173 173 170 175 178 181 182 182 183 183 186 185 181 180 179
181 180 181 182 182 182 182 181 180 178 176 176 177 178 179 178 178 178 178 179 179 179 181 182 182 182 183 184 184 181 177 176 178 178 178 179 181 181 179 179 177 177 178 180 182 182 182 182 181 179 179 178 176 174 177 181 180 177 169 168 179 192 195 188 183 173 159 171 187 182 182 185 182 179 175 175 178 179 178 179 177 175 177 178 180 180 180 180 181 187 187 181 180 181
180 180 180 181 182 182 182 182 181 179 178 177 177 177 178 179 179 178 178 179 179 179 180 182 183 183 183 185 186 184 180 179 179 179 179 180 181 180 178 177 176 175 177 179 180 180 180 180 181 180 179 179 178 177 178 181 184 179 174 181 177 174 182 186 188 181 166 172 191 192 184 184 184 182 179 178 178 179 179 181 180 179 179 177 177 178 178 178 178 186 191 188 184 181
180 180 180 181 182 182 182 182 182 181 180 179 177 177 178 178 179 179 179 179 179 179 180 181 182 182 182 183 185 185 183 181 180 179 179 180 181 180 179 178 177 176 176 178 180 180 179 178 179 179 179 178 177 176 176 176 177 176 178 185 183 175 173 174 182 185 172 166 184 196 188 183 183 183 183 182 181 181 181 181 180 178 179 178 177 177 178 177 174 178 183 186 187 187
179 179 180 181 182 182 182 182 182 183 182 181 179 177 177 178 178 179 179 179 179 179 179 180 181 181 181 181 183 183 182 181 181 180 179 180 180 180 179 179 179 177 176 177 179 181 180 178 179 180 180 178 177 175 175 173 166 169 182 183 182 181 177 172 175 182 177 165 169 185 186 181 181 181 182 182 181 181 181 182 181 179 180 179 177 176 177 177 174 172 172 172 175 184
179 179 179 180 181 182 182 182 182 183 183 183 181 179 178 178 179 179 180 180 179 179 179 180 181 181 181 181 182 182 182 181 180 179 179 179 178 178 177 178 179 178 176 177 179 181 181 180 179 181 182 180 179 177 176 170 162 170 184 184 180 181 181 177 175 179 180 173 171 180 183 180 179 179 179 180 180 179 179 181 183 182 181 180 177 175 176 177 177 175 175 172 166 167
178 179 179 179 181 181 181 181 182 183 184 183 182 181 180 180 179 179 180 180 180 180 180 180 180 181 181 181 181 181 182 181 180 178 178 178 178 177 176 177 180 180 179 179 180 181 182 181 180 181 182 181 181 180 178 168 160 178 189 184 179 180 180 180 178 179 180 176 174 180 183 180 179 178 178 180 180 179 178 179 182 184 184 182 179 177 177 178 178 177 177 177 174 169
177 178 178 178 179 180 181 181 181 182 183 183 182 181 181 180 180 180 180 180 180 180 180 180 180 180 180 180 180 181 181 181 179 177 177 178 179 179 178 178 180 180 180 180 180 181 182 182 181 181 181 180 181 182 179 168 159 180 193 184 180 180 180 180 179 180 181 177 174 178 181 181 179 177 178 180 181 180 178 178 180 182 185 184 181 180 179 179 179 178 177 178 177 173
176 178 178 177 177 179 180 180 180 181 183 183 182 182 182 182 181 180 180 180 179 179 178 179 179 180 180 179 179 180 181 181 179 177 177 178 179 180 180 180 180 180 179 180 180 180 181 181 181 182 182 181 182 183 181 169 160 181 193 185 181 181 181 181 181 181 182 180 178 178 180 181 180 177 176 179 181 180 179 179 179 179 182 186 185 182 181 181 181 180 178 177 174 170
177 179 179 177 176 178 179 180 180 180 181 181 181 181 181 180 180 179 180 180 179 179 178 177 178 179 180 179 178 179 181 183 181 178 177 178 179 179 179 180 179 179 178 179 179 179 179 179 179 181 182 183 185 187 185 170 163 184 193 185 181 180 181 181 182 182 182 182 180 180 181 182 182 179 177 179 181 180 179 179 179 181 179 181 184 186 187 183 182 181 179 177 175 174
178 180 180 178 176 177 179 179 180 180 180 180 179 179 178 178 178 179 179 180 180 180 179 177 178 179 180 180 178 177 180 183 182 180 179 178 178 178 178 178 179 178 177 177 178 179 178 177 177 177 176 176 179 185 187 171 165 184 189 184 181 180 180 180 181 181 180 181 181 180 180 181 182 180 178 179 182 181 180 181 181 183 186 187 185 191 199 194 187 183 183 182 180 178
179 179 181 180 178 177 178 178 179 180 180 179 179 180 179 178 178 178 179 180 180 180 179 177 178 179 180 181 179 177 178 180 181 180 180 179 177 177 177 177 179 179 177 177 178 179 179 178 177 176 174 172 172 176 183 177 176 191 191 182 179 179 180 180 180 180 179 180 180 180 180 181 181 177 176 178 180 180 177 177 177 173 173 178 176 178 185 192 197 191 193 199 195 192
179 178 179 180 179 178 177 177 178 179 179 178 179 180 180 179 178 178 179 179 179 179 178 177 177 179 180 181 181 179 178 178 178 178 179 179 177 176 176 177 179 180 179 178 178 179 179 179 179 178 176 176 174 172 170 167 171 189 197 186 178 178 180 180 179 179 179 179 179 180 180 182 182 178 176 177 178 178 175 173 173 169 164 162 162 164 160 166 185 187 187 194 199 204
179 178 177 178 179 179 177 177 177 178 178 177 177 179 179 179 178 178 179 179 179 179 177 176 177 179 180 181 182 181 180 179 178 178 178 178 178 177 177 176 178 179 179 178 178 178 178 178 179 179 177 176 176 173 168 161 161 176 193 190 179 177 178 179 178 177 178 179 179 179 180 181 182 180 177 177 177 177 176 176 177 176 177 174 170 173 170 166 167 168 165 160 173 193
179 178 177 177 178 178 177 177 178 178 177 177 177 178 179 179 179 179 179 180 181 180 178 176 176 178 179 181 181 182 182 181 180 179 179 179 179 179 177 176 177 178 179 179 179 179 178 178 179 179 178 178 178 177 175 171 166 171 188 191 181 178 179 179 178 178 179 180 181 181 181 181 180 179 179 179 178 178 178 179 179 176 177 179 177 176 172 173 168 166 168 158 153 160
178 178 178 178 178 178 178 178 179 179 178 177 178 178 179 179 179 179 179 180 181 181 180 178 177 177 178 179 180 181 182 182 182 181 180 179 180 180 179 177 177 178 179 179 180 180 179 179 179 179 179 179 179 178 177 175 171 170 187 192 182 180 180 180 179 179 179 180 182 182 182 181 179 179 179 181 180 179 179 180 180 177 178 180 178 176 173 170 172 175 176 173 165 152
178 178 179 179 179 179 179 180 180 180 179 178 178 179 179 179 179 178 179 180 181 181 180 179 179 178 179 179 179 180 180 181 182 182 180 179 179 181 181 179 178 178 179 179 180 180 179 179 180 180 180 181 181 181 182 182 179 174 182 189 183 181 180 180 179 178 178 178 180 181 181 180 179 178 179 180 180 178 178 179 178 179 179 180 176 177 179 177 176 175 173 175 174 165
179 179 179 179 179 179 179 180 180 180 179 178 178 179 179 180 179 178 179 180 181 181 179 179 180 179 179 180 180 180 180 180 180 181 180 180 180 180 181 181 180 179 179 180 180 180 179 179 180 181 181 182 181 183 187 183 178 177 180 183 182 181 180 179 179 178 178 178 179 180 180 180 179 178 179 180 180 179 179 179 178 179 179 178 176 177 181 179 177 174 173 176 176 168
179 179 179 179 178 179 179 180 180 180 179 178 178 179 180 180 180 179 178 180 181 180 179 180 180 180 181 181 182 182 181 180 180 181 181 181 180 180 181 182 181 180 179 180 181 181 180 180 180 180 180 181 179 177 180 178 173 177 182 182 182 182 181 180 179 179 179 179 179 180 180 179 178 178 179 180 180 178 178 178 178 179 179 178 177 178 179 178 177 176 177 180 179 173
180 180 181 180 179 179 180 179 179 180 179 178 178 179 180 180 181 180 179 180 181 181 180 180 181 181 182 182 183 184 183 182 181 181 180 181 181 180 181 182 182 180 180 181 182 182 182 180 180 180 179 180 180 176 175 176 176 179 183 183 183 182 182 180 178 179 179 180 180 180 181 181 180 179 179 181 181 179 178 177 177 179 179 178 179 180 179 178 178 178 178 179 179 175
180 180 181 181 180 179 180 179 179 180 180 179 178 179 180 181 181 180 180 180 181 182 181 180 180 181 181 181 183 184 185 184 183 181 181 180 180 179 180 183 183 181 180 181 182 183 182 180 179 180 179 179 181 181 179 178 176 178 182 183 183 183 182 180 178 178 179 182 182 180 181 184 182 180 180 181 182 181 180 178 178 179 179 178 179 180 179 178 178 177 174 174 177 177
180 180 181 181 181 180 180 179 178 179 180 179 179 179 180 181 182 181 180 179 180 181 181 180 180 180 181 181 182 183 184 185 183 182 182 181 179 179 180 183 184 182 180 180 182 184 183 180 178 178 178 179 180 180 180 178 176 177 180 181 181 182 182 181 179 177 178 183 184 179 181 187 185 180 181 183 183 183 182 181 180 180 179 179 179 180 180 178 178 177 174 172 175 179
180 180 180 181 180 180 180 178 178 179 179 179 179 179 179 180 181 181 180 179 179 181 181 181 180 180 180 181 182 183 183 183 183 182 183 181 179 180 181 183 185 183 180 180 182 183 183 181 178 177 179 181 180 180 180 178 177 177 179 179 179 180 181 181 180 179 179 185 190 186 187 194 189 181 183 186 188 187 184 183 183 183 180 179 179 180 180 179 179 178 177 175 175 178
181 180 180 181 181 181 181 180 178 178 179 179 179 179 179 179 181 181 180 178 179 181 182 182 181 180 180 180 181 182 182 182 182 183 184 182 180 181 181 182 185 185 182 181 182 182 181 180 178 178 181 182 182 180 180 178 177 178 178 178 178 179 180 180 179 178 177 177 182 183 189 202 197 182 182 191 195 191 184 181 185 188 183 179 179 179 179 178 179 179 178 177 176 176
181 181 180 181 182 182 182 181 180 179 179 178 179 179 179 179 181 181 180 178 178 180 182 183 182 181 180 179 179 181 183 182 181 183 185 183 180 180 181 182 183 183 182 182 183 181 179 178 177 179 181 182 182 181 180 178 177 178 178 178 178 178 178 178 177 175 174 168 165 164 173 197 205 185 170 188 200 192 183 180 187 193 187 180 179 179 178 178 179 179 179 179 180 180
181 182 181 182 182 182 183 182 182 181 180 179 180 180 180 180 181 182 181 179 178 180 182 183 183 183 182 181 180 181 183 182 182 183 184 184 182 181 180 180 180 179 179 182 184 184 181 178 178 180 182 183 183 182 181 179 177 178 178 178 178 177 177 177 177 177 177 174 169 161 158 182 206 192 159 173 202 198 182 176 191 198 188 183 181 180 178 178 178 178 177 176 173 175
182 183 182 183 183 183 183 182 183 183 182 181 181 181 181 181 182 183 182 180 179 180 181 182 183 184 183 183 182 182 183 182 181 181 182 182 182 180 179 179 178 176 176 178 181 183 183 181 180 181 182 184 185 185 184 181 179 178 178 179 178 178 177 177 178 179 178 177 174 165 151 164 200 205 172 168 201 204 183 168 193 207 194 186 183 181 179 178 178 179 178 177 173 170
181 183 183 183 183 183 183 182 182 184 183 182 182 181 181 182 183 183 183 180 179 180 181 181 181 182 182 182 181 181 181 181 180 179 178 178 179 179 178 179 179 177 176 175 176 178 179 180 180 180 180 181 183 185 185 183 180 179 179 179 179 180 180 179 180 182 180 176 174 169 151 145 177 205 194 181 201 205 183 159 189 210 202 195 187 184 185 182 178 176 174 172 174 173
