iowa_square.asc
ncols         256
nrows         256
xllcorner     418863
yllcorner     4637539
cellsize      50
NODATA_value  -9999
[rows 210 to 251 of 256, columns 94 to 187 of 256]
149 165 181 187 186 186 193 210 196 166 175 179 179 176 172 171 172 173 174 174 170 168 165 155 156 173 183 173 153 141 144 157 166 165 163 169 174 172 170 173 178 181 182 180 182 202 228 228 198 181 190 197 200 202 198 192 188 178 163 167 180 188 188 181 181 181 181 181 180 170 156 156 165 177 186 192 200 198 184 183 188 186 183 184 185 182 180 181 182 182 182 183 183 182
128 137 149 157 161 163 175 191 182 172 177 175 173 172 168 162 155 154 173 185 178 175 176 165 159 170 181 180 165 146 139 148 162 168 166 166 171 173 171 170 173 178 181 181 178 183 206 225 215 191 184 189 197 202 201 196 189 180 174 172 170 185 192 185 184 181 180 181 182 178 171 164 156 158 169 178 187 196 188 183 184 180 178 180 183 181 180 180 181 182 182 183 183 182
129 131 131 130 137 142 163 187 182 176 175 171 169 166 163 163 149 137 167 193 191 188 193 190 179 176 181 188 184 162 142 139 154 169 171 168 170 172 174 173 173 176 180 181 179 177 185 206 216 204 188 188 195 200 205 202 190 184 182 178 167 169 180 184 185 181 180 180 182 182 182 181 175 167 173 178 171 174 177 183 188 182 178 178 180 179 179 179 180 180 181 182 183 182
148 147 145 136 133 126 133 161 176 171 164 165 172 169 156 160 154 136 166 189 186 180 184 188 184 180 179 189 199 186 161 149 156 167 172 171 169 169 172 172 174 176 179 181 180 177 179 190 209 216 206 194 196 198 204 207 197 190 185 181 178 176 175 179 183 182 179 179 180 182 183 182 179 168 172 186 183 173 167 179 193 188 182 180 179 179 179 179 179 179 180 181 181 181
169 169 168 159 148 128 114 127 153 155 148 151 167 181 168 164 157 145 176 196 195 186 181 181 179 176 173 181 199 201 182 169 162 159 168 173 171 170 171 170 169 175 178 180 181 179 179 183 192 209 217 207 203 206 209 210 205 200 194 187 185 185 180 179 182 182 180 179 179 181 182 183 181 172 173 186 188 184 173 170 182 184 181 181 179 179 179 178 179 179 179 180 181 180
177 178 181 181 175 153 127 123 140 144 141 144 161 184 181 170 158 152 180 201 204 201 194 185 177 169 165 168 174 182 176 174 165 152 164 176 175 173 174 171 168 171 177 180 180 178 179 181 182 192 210 212 209 209 208 209 207 207 206 198 196 190 181 180 181 182 182 180 179 180 181 183 182 175 175 184 187 186 180 173 175 177 178 180 179 179 178 177 178 179 179 180 181 180
176 177 181 186 184 174 158 151 161 160 152 152 164 180 176 164 154 152 178 198 196 190 187 185 179 169 166 167 159 155 154 166 170 163 165 169 172 171 173 172 170 168 173 180 180 179 179 180 181 183 192 200 207 212 211 209 205 205 208 202 197 191 184 187 188 184 188 189 186 183 181 181 180 176 176 182 186 185 185 184 182 179 178 179 179 178 178 177 177 178 178 179 181 181
177 174 179 187 186 181 178 178 181 179 166 163 174 179 173 168 164 163 179 194 195 188 180 181 178 171 172 175 170 162 158 164 166 173 163 154 168 172 172 172 172 168 168 177 181 179 178 179 181 180 181 187 196 205 209 209 206 199 193 193 198 199 195 204 207 195 199 206 202 194 186 182 179 176 176 181 184 184 184 185 183 180 178 179 178 178 178 177 176 177 178 179 181 181
176 172 175 189 192 185 181 184 188 186 174 173 186 185 175 165 171 182 183 190 197 195 185 179 178 175 177 179 178 172 169 164 164 179 163 146 164 173 173 172 174 172 167 172 178 179 178 179 181 180 180 185 188 192 198 204 205 203 198 201 207 204 199 208 215 202 201 201 201 205 201 190 181 177 175 179 183 183 184 185 184 180 179 180 179 178 178 178 177 178 179 180 181 181
176 172 170 182 194 192 183 178 185 190 180 172 181 188 182 164 169 186 183 182 189 191 185 179 177 178 178 179 184 178 175 167 175 190 171 147 158 171 173 171 173 174 169 169 174 178 178 179 180 180 180 185 189 188 191 199 208 212 210 207 199 187 184 185 187 191 197 186 176 189 203 202 190 181 175 176 181 183 184 184 184 181 180 181 181 179 178 179 178 179 179 180 181 181
175 173 169 172 186 197 194 184 183 192 187 169 161 164 170 172 176 177 175 175 180 185 183 178 176 177 174 174 179 177 174 170 183 191 174 151 154 170 174 171 171 174 172 170 173 176 178 179 180 180 180 184 188 187 188 193 202 205 199 191 174 153 163 167 146 159 195 203 182 166 179 197 197 187 178 175 178 183 184 184 184 182 181 182 182 180 179 179 179 179 180 180 181 181
175 173 172 168 171 187 195 191 189 196 195 178 161 142 143 170 181 173 169 173 175 178 181 180 179 179 175 170 167 161 165 169 179 187 176 156 151 166 174 172 169 173 174 172 173 176 177 179 180 180 180 184 186 185 184 185 188 193 193 189 179 149 153 180 156 135 163 197 207 188 170 175 185 187 183 177 176 180 183 183 183 181 181 181 182 181 180 179 180 180 181 181 181 181
176 175 173 172 166 168 174 171 175 193 203 193 175 145 137 175 190 179 170 176 179 178 180 181 181 180 178 175 172 161 165 173 176 182 177 162 150 161 174 174 169 172 175 174 174 176 177 179 180 180 180 184 186 184 183 183 183 193 204 206 201 173 151 178 180 149 136 154 191 207 200 185 176 180 184 181 178 179 181 182 182 181 181 181 181 181 180 180 180 181 181 182 181 181
177 176 174 175 172 166 165 157 153 174 203 206 186 151 140 181 198 190 178 178 180 179 179 180 180 179 179 178 179 174 170 174 178 181 178 169 155 159 174 176 171 171 175 175 174 173 175 178 181 180 180 183 187 187 185 184 184 191 206 213 215 206 177 173 183 177 160 142 148 179 208 212 195 185 184 182 180 179 180 182 182 181 181 181 181 181 181 180 179 180 181 182 181 181
179 178 175 175 177 177 176 169 154 151 187 210 201 173 158 187 205 200 186 180 179 179 179 180 180 179 179 175 176 177 169 169 177 181 178 174 162 160 173 176 173 170 174 176 173 172 173 177 181 181 180 182 186 189 188 187 185 187 202 211 215 223 214 199 194 190 184 167 148 145 175 206 211 203 190 182 181 179 179 181 182 181 181 181 180 180 180 180 179 179 179 181 181 180
182 181 180 180 181 181 181 177 168 150 169 199 202 186 172 183 195 197 188 180 179 179 179 179 180 179 177 174 176 179 172 167 172 179 178 179 172 165 172 175 174 170 173 176 174 172 172 177 182 182 180 181 184 188 189 189 187 188 197 198 187 201 218 214 212 206 196 189 176 158 150 167 194 208 203 192 187 183 183 185 186 182 180 180 179 179 179 180 179 178 178 179 179 179
181 183 185 185 183 182 182 179 174 155 157 180 181 166 160 171 179 184 184 180 180 179 179 179 179 178 175 174 177 179 176 168 168 175 174 179 173 165 171 173 172 170 173 177 174 172 171 176 181 182 181 180 183 185 187 189 188 189 198 198 171 153 178 188 197 211 208 205 198 185 163 148 159 188 203 206 203 198 190 186 187 183 180 180 179 178 178 179 179 178 177 177 178 177
182 177 184 189 186 181 181 184 183 168 165 176 175 166 158 167 178 179 180 180 181 179 178 178 177 175 173 174 178 179 179 172 166 170 174 176 167 160 169 173 173 171 173 178 175 171 170 175 180 180 181 180 182 185 186 188 188 188 199 209 199 159 151 154 153 177 192 200 206 203 186 169 156 159 173 187 198 204 195 183 182 182 181 180 178 177 177 178 179 179 177 177 177 177
188 179 176 188 194 187 185 190 190 176 172 175 178 182 175 173 180 181 179 179 181 179 177 177 175 174 175 177 180 181 180 175 167 167 176 178 169 162 167 173 174 172 172 178 177 171 169 175 180 180 181 180 182 185 185 186 187 188 197 205 204 181 165 165 152 148 155 166 190 202 192 183 172 160 154 156 170 190 195 185 181 182 182 181 180 178 177 179 180 180 179 178 179 178
179 187 184 189 199 194 185 183 175 160 158 167 170 177 182 180 183 183 180 179 180 180 178 176 176 177 178 179 180 181 181 181 175 171 177 176 168 161 166 174 175 174 172 177 177 171 169 175 180 180 181 181 182 185 185 185 185 186 198 204 205 198 184 181 182 172 159 152 172 191 187 183 180 176 166 163 166 175 190 190 184 183 183 182 182 179 177 179 180 180 180 179 180 179
170 177 177 172 177 175 168 167 165 163 164 172 173 174 179 183 187 184 182 180 181 181 179 177 177 179 179 179 179 180 180 181 174 172 177 176 168 156 163 175 177 176 173 177 178 171 169 176 180 179 181 181 182 184 187 189 188 188 205 221 225 222 207 192 201 200 178 160 169 186 185 182 181 180 172 173 175 168 176 184 183 184 182 182 182 179 178 179 179 180 179 179 179 179
168 164 162 157 159 161 163 171 177 179 182 184 181 178 174 183 193 188 184 182 182 182 182 179 179 179 179 180 181 179 177 177 169 169 177 180 173 156 161 174 176 176 174 178 178 172 171 178 181 179 180 182 181 183 186 191 192 188 192 199 209 220 219 207 215 221 203 176 169 180 183 183 181 176 174 180 182 175 173 176 179 182 182 182 182 180 178 179 180 180 179 179 179 179
168 169 172 170 172 174 177 187 195 198 198 191 183 180 171 175 193 197 189 183 182 184 185 182 181 181 180 179 180 178 176 176 170 170 178 180 174 156 159 172 176 176 174 178 178 171 172 180 181 180 181 183 182 181 183 187 192 190 181 166 152 161 180 186 196 216 222 205 189 185 182 182 181 171 173 190 192 184 180 178 177 180 181 182 183 181 179 179 180 181 181 181 180 180
174 175 175 177 180 181 186 196 199 207 217 211 198 189 181 171 181 200 193 182 181 186 190 186 182 182 181 179 178 177 177 177 170 170 178 180 174 157 158 170 175 176 176 179 178 172 175 180 180 180 180 182 182 181 181 182 191 197 193 183 157 129 121 130 141 174 206 206 202 193 183 182 179 170 166 180 189 186 183 181 180 180 181 182 183 182 180 179 180 181 182 181 181 181
177 176 174 174 178 177 182 185 168 166 196 213 216 210 195 174 177 201 194 180 175 178 185 188 184 180 180 179 179 180 181 178 170 172 179 180 175 159 157 167 174 176 177 182 183 178 178 179 179 180 180 181 182 182 182 182 193 212 222 219 202 178 166 168 148 160 187 184 186 190 188 186 181 174 168 171 180 185 185 183 182 181 179 181 183 182 179 179 180 181 183 182 181 182
186 183 180 175 173 173 175 164 147 133 150 173 197 216 208 179 181 195 188 179 172 170 176 188 186 177 178 180 181 182 183 179 172 174 179 180 176 163 157 164 173 176 178 183 184 181 180 179 179 180 180 181 181 181 182 181 185 203 227 239 231 205 202 218 193 177 190 184 178 183 186 188 185 180 178 177 179 183 184 184 183 182 179 180 184 184 179 178 179 179 182 183 180 181
198 194 195 187 178 177 173 173 170 152 148 140 148 195 212 198 192 188 181 178 177 172 172 188 189 176 177 180 181 182 181 176 171 175 180 180 176 167 160 162 171 172 175 180 180 180 180 180 180 180 181 181 181 180 178 169 153 156 186 226 234 200 201 229 223 197 199 201 188 182 185 187 186 183 180 178 178 180 181 182 184 183 180 179 182 185 181 178 179 178 181 183 180 180
198 194 191 183 171 168 175 178 178 168 165 161 147 156 181 204 209 200 188 184 182 175 173 191 191 178 178 179 183 184 181 173 169 175 180 180 175 168 161 160 167 170 176 179 180 181 181 180 180 180 180 181 182 181 177 165 135 121 143 196 216 190 191 216 227 209 192 201 196 185 184 186 186 185 182 181 179 178 180 181 182 183 182 179 180 184 184 180 178 177 180 183 182 180
170 171 167 164 163 169 176 175 178 177 173 170 157 138 139 185 217 212 200 199 196 187 182 193 193 183 183 184 183 183 182 173 169 177 180 180 175 169 162 159 161 171 180 180 180 180 180 181 180 180 179 180 183 184 183 182 154 116 116 164 193 183 180 193 213 207 180 181 195 190 183 184 184 184 185 186 183 180 181 182 185 186 184 180 178 182 187 183 179 181 182 181 182 181
155 160 159 168 176 178 177 175 173 171 171 175 176 171 153 172 210 213 204 204 202 196 193 200 204 196 192 192 186 181 181 174 172 179 181 180 174 168 164 160 164 175 181 181 180 180 180 181 181 180 180 180 187 191 192 197 179 134 100 114 153 163 171 187 204 213 198 174 181 188 183 184 183 183 189 194 189 183 186 187 190 192 186 182 178 179 187 187 180 187 187 180 180 180
172 181 177 177 180 180 180 181 178 177 183 190 192 191 175 174 197 201 195 195 195 193 193 199 205 202 199 200 194 184 178 173 175 180 181 181 173 166 165 163 173 180 181 181 181 181 180 180 181 181 181 181 189 194 193 197 190 158 112 93 118 151 176 190 202 210 203 184 180 185 184 184 181 178 191 206 204 196 198 192 189 192 187 183 179 175 189 193 183 186 185 181 180 180
174 187 185 180 179 179 184 189 187 185 187 189 189 189 179 176 190 192 187 187 188 188 187 189 193 196 201 208 205 191 177 171 176 181 183 182 172 166 169 172 178 180 180 180 181 181 180 180 181 181 181 182 186 187 185 190 191 179 152 122 112 144 188 202 214 217 211 204 201 198 193 190 185 171 180 206 211 202 199 187 178 184 184 182 180 169 185 197 185 183 182 182 181 180
175 182 182 180 180 177 182 189 187 185 185 186 185 185 178 175 187 191 185 185 187 186 184 185 188 191 198 209 213 202 181 172 179 187 187 182 172 168 175 179 180 180 180 180 180 180 180 180 180 180 181 184 183 181 179 180 186 189 184 161 121 139 183 197 219 226 215 210 211 210 207 204 200 182 173 193 193 182 182 180 177 180 181 181 180 165 177 191 182 181 182 183 183 182
177 180 179 178 180 179 179 182 181 182 183 183 184 184 178 173 185 192 186 185 186 186 184 184 187 189 193 203 212 207 188 173 183 196 191 179 172 175 179 180 180 180 180 180 181 180 180 180 180 181 183 187 189 191 192 184 178 180 186 180 147 151 174 170 197 220 214 209 212 211 208 204 204 193 185 196 189 176 179 182 181 181 181 180 177 161 180 194 183 181 181 186 186 183
178 179 178 174 173 177 180 180 178 179 181 182 183 183 179 172 180 192 188 184 185 186 185 185 186 186 189 197 207 208 192 169 183 203 192 176 177 180 180 181 181 180 180 180 181 181 180 180 180 182 185 186 187 193 206 204 182 161 154 161 156 170 176 149 161 198 208 209 214 213 205 199 195 190 193 204 209 198 186 182 181 181 181 180 175 156 184 206 189 180 178 192 197 186
180 181 180 174 172 175 180 180 179 179 180 182 182 183 181 174 178 191 189 183 183 184 184 184 185 186 189 194 202 207 193 162 174 199 189 179 180 180 180 181 181 180 180 179 180 180 179 179 181 182 184 185 180 174 186 201 191 164 135 126 142 182 193 152 128 150 173 186 198 209 208 203 194 187 187 191 200 201 189 182 180 182 182 182 179 155 171 206 198 181 175 189 198 188
180 183 183 177 175 179 181 181 180 180 181 182 183 182 181 173 177 190 190 184 182 182 182 182 183 184 189 195 201 207 197 170 172 186 184 180 181 181 180 180 180 180 181 180 180 180 179 179 182 182 182 185 183 171 163 177 189 180 149 119 134 183 207 186 144 127 136 149 161 183 196 201 196 189 187 185 186 189 188 183 180 186 187 185 186 161 157 199 204 182 179 179 178 180
176 178 180 176 175 179 181 182 181 181 181 182 183 183 182 174 176 189 193 186 181 180 179 178 178 178 183 193 201 208 199 182 181 182 181 181 180 181 180 180 179 179 180 180 180 180 179 178 182 185 187 191 191 183 169 167 178 181 156 122 141 181 199 203 185 152 138 138 139 152 166 185 197 198 197 198 196 189 185 185 183 191 188 184 186 167 149 190 209 187 183 177 174 179
177 173 175 175 175 177 179 180 180 180 180 180 181 181 181 176 173 180 191 190 182 180 179 178 178 177 180 190 199 202 195 186 184 181 180 180 179 179 179 179 180 180 179 178 178 178 176 176 182 187 185 188 194 190 180 175 182 189 163 123 151 192 189 183 187 179 156 136 128 134 141 163 194 208 207 207 210 204 191 186 192 193 183 179 182 172 148 177 205 189 180 181 186 185
177 174 174 176 176 177 178 179 179 178 178 177 177 176 176 177 173 171 184 193 186 181 181 182 183 182 183 188 191 189 186 182 181 180 179 180 180 180 180 180 180 180 179 177 176 177 176 179 185 187 181 177 185 189 183 176 179 193 180 135 152 201 202 176 162 171 172 149 131 132 137 149 181 208 212 208 213 216 203 191 197 195 184 180 177 173 156 171 190 184 182 184 189 187
172 174 175 176 177 177 178 178 178 178 178 178 178 176 176 179 178 170 178 193 189 182 183 184 185 184 183 184 183 182 181 180 180 180 179 180 180 180 180 179 179 179 178 177 176 177 174 174 189 198 194 186 183 183 181 175 164 168 175 152 154 193 200 185 163 159 175 173 151 139 140 144 163 196 208 205 205 208 201 191 191 195 190 183 172 161 164 184 187 184 181 187 190 182
172 175 177 177 178 179 179 179 179 179 179 179 179 178 178 180 180 171 171 189 193 186 184 183 183 182 181 181 180 180 180 180 179 180 179 179 179 179 179 178 177 177 177 177 179 179 168 155 175 203 209 205 195 185 180 185 179 153 146 147 165 186 187 186 179 170 175 180 165 141 135 138 151 182 196 193 185 179 173 172 179 185 187 183 169 144 168 202 201 193 191 194 193 183
