iowa_square.asc
ncols         256
nrows         256
xllcorner     418863
yllcorner     4637539
cellsize      50
NODATA_value  -9999
[rows 0 to 41 of 256, columns 94 to 187 of 256]
179 177 178 178 178 178 179 178 180 180 179 179 181 180 178 178 184 183 180 188 187 179 181 183 179 181 186 178 178 188 189 187 185 183 178 174 171 175 191 195 178 176 186 192 200 195 187 185 182 180 180 180 181 185 184 182 182 181 182 183 182 180 178 170 160 146 142 166 180 182 187 193 191 181 172 165 155 170 194 185 174 171 168 181 183 174 157 153 168 177 177 178 176 169
179 177 177 177 177 179 179 178 179 180 179 178 178 179 178 174 177 179 175 188 189 176 176 179 174 174 181 180 184 187 182 182 185 185 181 182 179 166 186 202 185 176 183 190 199 198 191 188 183 179 178 179 182 183 181 182 183 181 183 187 187 184 178 174 169 151 144 167 181 183 190 200 198 184 174 166 161 173 183 176 174 180 174 179 182 177 162 152 166 178 180 180 181 178
179 178 178 177 177 179 179 178 179 181 181 178 177 178 177 172 168 169 165 180 198 191 185 186 180 171 173 183 191 190 182 179 185 187 180 181 186 169 181 201 194 186 187 192 198 198 193 189 184 181 178 183 189 186 181 180 183 181 179 187 194 189 181 177 175 165 164 176 181 182 190 202 202 189 176 167 171 178 177 173 179 184 178 179 181 179 166 153 164 178 181 181 183 183
180 179 179 179 179 180 180 179 179 181 181 180 180 181 180 177 172 172 163 165 192 202 199 200 198 183 172 186 194 191 185 178 185 192 182 182 186 175 186 193 188 193 195 197 200 198 193 190 186 183 179 185 192 188 184 180 181 185 178 185 195 187 182 180 174 169 175 180 181 181 188 201 206 193 178 174 178 178 175 170 176 183 180 179 180 179 168 155 163 177 181 181 181 181
180 180 180 180 180 180 180 178 178 179 179 177 184 187 183 182 182 181 170 158 172 195 202 205 209 198 185 194 203 201 199 190 190 200 191 191 190 179 191 183 174 184 189 195 203 205 200 194 186 180 183 191 191 190 190 183 176 187 185 187 193 180 179 183 176 177 179 180 180 179 184 195 201 188 172 180 183 179 176 171 174 180 181 181 180 180 169 156 161 173 180 181 180 181
179 179 179 179 179 180 180 179 176 176 175 169 181 192 187 186 191 189 177 163 156 172 188 192 197 197 193 200 208 207 207 203 198 202 196 194 192 184 192 177 161 166 171 185 199 207 208 202 189 177 186 201 198 195 199 192 174 182 193 194 195 173 174 184 178 179 178 178 178 176 178 185 190 175 165 185 189 181 176 174 176 178 179 180 180 179 168 156 158 171 179 181 181 181
177 179 179 180 180 181 183 182 178 175 173 165 170 189 193 191 200 193 178 167 158 165 177 179 179 182 183 187 192 193 194 194 191 190 187 186 185 180 185 174 154 150 152 167 181 196 207 209 200 185 188 201 202 201 207 205 184 182 201 208 199 171 174 182 179 177 176 175 174 171 170 179 187 171 163 188 194 183 178 176 176 177 178 179 179 177 167 155 155 171 180 180 181 181
177 179 180 181 181 182 185 186 182 177 173 169 166 181 186 184 202 201 183 171 166 173 178 177 175 172 170 172 174 174 175 176 176 174 172 170 170 167 174 176 161 150 152 158 158 172 190 200 200 193 191 195 196 198 203 206 193 185 198 211 198 175 177 179 179 177 175 173 171 168 165 172 184 173 164 187 194 185 179 177 177 177 178 181 182 175 165 157 159 173 180 180 182 184
178 180 181 182 180 180 184 189 189 183 176 174 173 176 169 164 192 206 191 178 174 178 179 172 165 160 155 157 158 159 162 167 170 165 162 160 159 158 166 178 171 154 161 163 144 147 164 178 184 186 186 183 183 185 188 191 187 181 184 195 190 178 179 181 179 171 171 172 172 173 169 169 177 171 166 185 191 184 179 177 177 178 179 188 189 172 161 162 170 178 181 180 183 189
179 181 182 182 180 179 179 187 193 189 177 175 178 174 164 153 170 192 189 179 177 180 183 178 167 158 151 151 152 153 152 163 175 166 161 164 166 164 167 176 175 160 168 171 151 141 147 159 165 168 169 166 165 171 176 178 178 177 177 179 180 179 179 185 183 168 169 176 174 178 176 172 175 169 169 187 190 183 179 178 175 176 181 196 195 166 153 165 176 180 181 180 182 186
182 183 185 186 185 184 182 187 195 191 178 173 174 174 166 155 152 161 164 162 171 183 191 195 185 171 164 162 162 163 153 161 183 182 176 176 177 176 175 176 175 171 176 178 164 150 143 146 150 150 152 149 144 150 160 168 173 173 173 174 175 176 177 186 191 173 168 179 178 180 179 177 175 165 167 186 190 184 181 179 172 168 177 201 199 162 146 164 178 180 181 183 183 182
179 180 182 181 180 180 181 180 181 180 176 170 171 172 169 162 156 153 151 151 166 182 189 196 193 181 175 172 170 172 163 167 184 188 187 184 182 180 178 173 169 174 179 179 172 163 156 155 160 161 161 158 150 151 159 168 171 161 156 163 169 170 172 182 192 178 168 177 180 180 180 179 176 169 169 179 184 184 182 180 169 154 163 203 206 167 152 166 179 180 179 184 186 182
175 175 178 181 178 175 174 171 163 163 173 176 172 171 170 168 170 176 172 161 168 180 181 186 190 184 180 177 174 172 165 177 186 181 183 184 183 180 179 172 168 174 179 180 178 175 172 174 183 190 193 190 183 176 170 177 180 164 143 144 156 162 167 174 183 181 175 178 181 182 182 181 178 177 180 180 179 180 181 180 172 158 158 201 214 184 170 174 180 176 170 175 183 181
178 179 181 180 178 176 181 184 173 169 177 181 177 173 173 173 169 170 171 169 177 184 183 184 189 189 185 180 175 169 156 173 193 188 184 182 182 181 180 175 174 178 180 181 180 178 174 175 178 180 186 188 183 173 160 166 191 189 162 145 146 150 158 169 177 180 179 180 182 183 183 181 176 176 182 182 179 179 180 179 179 179 172 191 205 193 182 176 173 169 165 171 178 179
177 177 179 175 172 170 177 187 183 179 179 181 179 176 173 173 167 160 161 171 184 187 184 179 182 187 186 181 177 172 160 165 183 192 194 187 183 181 181 178 176 179 179 180 180 181 179 174 168 161 164 166 160 157 153 154 184 202 190 171 162 159 164 174 179 180 180 179 180 181 181 178 174 175 180 181 180 180 179 173 174 185 182 182 183 175 166 163 166 168 169 174 177 178
176 176 177 177 176 172 172 180 184 183 183 184 181 177 173 172 167 161 164 176 188 190 183 173 173 182 184 180 178 173 167 165 171 181 187 187 183 182 181 178 177 179 179 179 178 177 176 175 172 171 177 176 170 169 162 151 165 194 199 187 182 178 177 179 180 180 180 178 178 178 178 177 176 178 180 180 180 179 169 160 171 181 180 182 182 173 161 162 171 173 172 173 176 178
176 179 179 178 178 177 177 179 185 184 185 187 182 179 178 177 167 152 159 179 193 196 187 174 171 178 181 179 178 174 171 167 170 178 178 181 181 181 181 178 177 179 177 175 172 171 171 174 170 171 183 184 180 177 170 162 157 181 196 188 185 182 180 180 180 181 180 179 178 178 178 178 178 179 180 180 180 174 152 148 170 179 178 184 194 197 187 175 176 177 175 171 172 176
177 179 180 179 179 179 179 178 181 184 187 187 181 178 178 177 169 151 154 176 195 200 190 177 173 175 178 178 179 178 179 173 175 183 182 182 182 181 181 178 176 178 176 173 173 174 175 173 168 174 183 182 179 178 176 175 163 178 193 185 184 182 180 179 179 180 180 180 180 178 178 178 179 180 180 180 180 168 145 151 173 179 179 184 192 204 202 182 174 176 178 174 170 173
179 180 181 180 179 179 179 178 174 176 192 198 188 187 190 181 172 159 158 174 192 200 192 181 178 178 177 177 178 178 177 176 181 185 183 183 183 182 182 179 176 178 178 177 178 177 176 173 172 175 180 180 179 176 174 172 164 178 189 185 184 183 181 179 179 180 180 181 180 179 179 179 179 180 180 181 180 160 138 154 175 178 180 185 184 194 201 187 174 177 180 177 173 171
179 180 180 179 179 180 180 183 179 165 176 200 199 200 209 203 191 180 174 179 190 195 188 180 180 179 178 177 178 178 175 173 178 182 183 183 183 182 182 180 178 179 180 180 181 181 176 173 178 176 175 178 179 177 176 170 164 172 182 184 183 183 183 181 180 180 180 181 181 180 180 179 179 180 181 182 180 155 131 149 171 176 178 187 187 187 191 184 174 179 182 180 177 174
179 179 179 179 178 179 176 179 188 178 168 184 192 193 200 201 195 187 180 180 186 190 186 180 179 180 180 179 179 179 177 175 177 177 180 183 182 182 183 181 178 180 181 181 182 187 184 176 179 180 176 176 177 177 178 173 168 171 177 181 181 182 184 184 183 182 181 182 182 181 181 180 179 179 180 182 180 159 140 152 168 174 176 184 193 194 187 177 171 174 183 183 179 178
179 178 179 180 179 177 173 168 178 183 176 177 178 176 176 177 176 175 176 180 184 187 183 179 178 178 179 178 178 178 177 176 177 176 179 182 181 181 182 180 178 180 181 180 175 176 179 177 177 179 177 176 176 176 175 176 175 175 176 179 180 181 183 184 184 183 182 183 182 182 182 181 179 178 179 181 180 163 150 159 167 173 175 178 193 206 197 179 171 167 175 183 182 178
179 178 179 180 182 180 177 170 170 177 180 177 171 168 168 170 169 169 174 179 184 185 182 180 179 178 177 177 177 177 178 178 178 177 178 180 181 181 182 179 177 179 180 178 174 170 172 177 179 179 178 176 176 177 177 177 176 176 177 178 179 180 181 182 183 183 182 182 182 182 182 181 180 178 178 180 182 171 159 158 162 172 179 179 189 205 204 185 174 168 167 177 183 180
179 178 178 179 182 182 178 166 166 178 180 172 162 159 162 165 164 162 170 179 181 182 181 180 179 179 179 178 178 178 178 178 177 177 177 178 179 180 181 178 176 179 180 180 180 180 180 180 179 179 177 176 176 177 178 178 178 177 177 178 179 180 182 183 182 182 181 181 180 181 182 181 180 179 175 174 174 167 158 151 152 168 180 180 184 194 196 185 178 175 168 169 175 177
179 179 178 179 181 183 175 154 155 178 184 178 169 162 162 166 165 162 169 181 181 179 179 180 179 179 179 179 179 179 179 178 178 178 178 178 178 179 181 178 176 179 180 180 181 181 181 180 180 180 179 178 177 177 178 179 179 178 177 177 178 178 180 183 183 182 181 180 180 180 181 181 181 179 172 167 162 157 155 150 148 163 177 180 183 187 187 181 179 179 174 171 172 174
180 180 179 179 183 185 175 151 151 180 196 193 182 173 171 174 173 168 170 179 181 180 180 180 179 179 179 179 179 179 179 178 179 179 179 179 179 180 181 179 176 178 179 180 180 181 181 180 181 181 180 180 179 178 179 181 181 179 178 178 178 176 178 183 185 183 182 181 180 180 181 181 181 179 174 172 171 167 160 153 150 160 176 186 193 198 195 184 180 179 178 177 178 178
180 180 178 176 182 187 182 161 153 174 197 204 193 180 177 178 177 174 175 178 180 180 180 180 180 179 179 179 179 179 179 178 178 179 179 179 180 181 182 180 178 178 179 180 180 181 180 180 180 181 180 181 180 179 179 181 182 180 178 180 179 176 176 182 186 183 182 182 181 181 181 182 181 180 179 179 180 177 163 149 151 160 171 183 196 207 210 200 184 179 178 177 179 179
180 179 178 174 174 181 181 171 163 165 182 205 201 182 178 178 178 178 179 180 180 179 180 180 180 180 179 179 179 179 179 178 178 178 178 178 179 180 181 180 179 179 179 180 181 181 180 180 180 179 179 181 181 180 179 180 181 180 179 180 180 176 176 182 185 183 182 182 182 182 182 182 181 181 181 181 181 179 167 149 147 157 162 165 178 193 207 212 197 181 179 178 178 177
180 179 179 176 172 172 171 166 166 162 168 198 200 183 179 178 179 179 180 181 179 179 180 180 180 180 179 179 179 179 179 178 179 179 179 179 179 180 181 180 180 180 179 180 181 181 181 180 179 178 178 179 180 180 180 180 180 180 180 181 181 175 175 184 187 184 183 183 182 182 182 182 181 181 180 180 181 181 173 155 145 152 155 150 160 176 188 207 206 187 179 178 177 174
180 180 180 179 177 174 170 165 169 167 169 195 199 184 180 180 179 179 181 182 181 179 180 181 180 179 179 179 179 179 179 178 179 180 181 182 182 182 182 182 182 181 181 182 182 182 182 181 180 178 178 179 180 180 179 180 180 180 180 181 180 175 172 184 189 185 185 184 182 181 181 182 182 181 180 179 181 184 181 168 159 165 169 161 163 175 180 195 204 190 178 178 175 166
180 180 182 182 180 178 175 170 174 177 177 192 197 185 181 181 180 180 181 183 182 181 181 181 181 180 180 180 180 179 179 178 178 179 180 182 183 183 182 183 183 182 182 183 183 183 182 182 181 179 178 179 179 179 179 179 179 180 180 181 180 177 170 181 190 184 185 185 183 181 182 183 182 181 180 178 178 180 180 175 172 181 185 178 176 178 180 188 196 189 179 178 173 160
180 179 182 185 182 179 177 171 174 178 177 184 188 182 180 181 180 180 181 182 182 182 182 182 182 182 182 182 181 179 179 178 177 179 179 180 182 183 182 182 182 182 182 182 183 183 182 182 181 179 177 177 178 178 179 179 179 179 180 182 181 178 170 178 189 185 188 191 188 184 182 182 181 181 180 177 175 175 175 172 171 180 184 182 180 179 181 185 187 184 179 178 172 165
180 176 180 187 183 178 177 175 179 178 176 179 181 179 180 181 181 180 180 180 181 182 182 183 182 183 183 184 183 181 180 178 177 178 179 180 181 182 182 182 181 181 181 182 182 182 181 181 180 178 176 175 176 177 179 179 179 179 179 181 182 178 171 174 186 188 192 194 188 183 181 180 180 180 180 178 178 178 179 176 177 180 179 179 177 177 179 181 179 177 176 171 168 174
182 174 177 188 182 171 171 178 185 183 180 181 179 177 178 180 180 181 180 180 180 181 182 182 182 182 183 184 185 183 181 178 177 178 178 179 180 181 181 181 181 180 180 181 182 181 181 180 180 179 176 175 175 177 179 179 179 178 178 181 182 179 173 169 174 183 194 195 185 181 180 180 180 181 185 188 190 188 183 181 182 180 177 176 174 177 180 179 176 174 170 160 165 179
186 175 176 188 181 164 164 179 188 185 182 182 179 177 177 179 180 180 180 180 180 180 181 181 181 181 182 183 184 184 183 180 178 178 178 179 180 181 181 181 180 180 179 180 180 180 180 181 182 182 179 177 176 178 180 180 179 178 177 182 183 180 177 171 166 168 185 199 194 184 182 182 185 187 188 195 196 191 185 180 176 172 168 169 170 178 184 180 176 173 163 155 168 180
190 179 176 188 185 168 167 183 188 183 181 180 179 178 177 178 179 179 180 180 180 180 180 180 181 182 182 182 182 183 184 181 178 178 179 179 180 181 181 181 181 180 179 179 179 178 179 181 182 183 181 179 179 180 180 180 180 178 176 182 184 181 179 174 168 161 165 194 204 192 186 183 189 193 188 190 190 183 179 176 172 164 155 152 160 178 184 178 176 172 160 161 175 180
192 186 181 189 191 179 176 186 187 179 177 179 179 178 177 177 178 179 179 179 179 178 178 179 181 182 182 181 181 182 183 181 178 179 180 180 181 182 181 181 182 181 180 180 178 176 176 178 180 181 180 179 180 181 181 181 181 179 179 184 184 180 179 175 173 167 156 180 204 200 194 188 188 192 185 182 181 177 175 174 170 164 157 151 153 173 182 175 173 163 157 171 179 180
192 191 186 186 188 182 181 185 186 178 175 179 180 179 177 176 176 177 178 179 178 177 177 178 180 181 182 182 182 182 183 181 178 178 179 181 182 181 181 181 182 182 181 182 180 177 176 177 179 180 179 179 180 182 182 182 182 180 184 192 193 185 179 179 182 179 164 175 199 197 193 189 184 183 180 179 180 178 180 182 178 175 170 164 158 169 179 172 166 154 158 176 180 181
180 179 178 180 178 172 176 186 189 182 178 180 182 183 181 178 177 177 178 179 179 177 177 178 179 180 180 181 181 182 183 181 178 178 179 181 183 182 181 181 181 181 182 183 182 179 178 178 178 178 178 178 180 182 184 185 182 176 173 181 194 191 181 178 186 193 182 181 190 188 182 182 181 178 177 178 175 169 177 191 190 183 175 172 168 170 176 170 161 157 169 179 179 180
167 165 168 179 180 170 173 185 189 184 181 181 182 184 184 182 180 178 179 180 180 178 178 179 179 180 179 178 179 179 181 180 179 179 178 181 184 186 186 183 183 183 182 183 182 180 179 179 179 177 177 177 178 178 178 180 178 172 167 167 187 197 191 181 182 192 188 182 181 181 180 180 179 177 177 179 176 161 165 190 196 187 180 177 175 175 175 166 155 162 177 180 180 180
176 168 168 184 189 179 173 180 183 181 180 180 180 182 183 182 181 180 180 179 179 178 178 179 179 180 180 178 178 178 179 178 178 179 178 179 179 181 186 188 190 187 184 184 182 180 179 179 179 178 178 178 177 176 174 174 176 180 182 178 187 198 194 182 178 182 181 179 177 177 177 171 166 168 176 183 184 169 155 177 194 188 182 180 179 178 173 164 156 167 180 181 180 180
189 177 175 186 190 182 176 178 179 179 178 178 179 181 182 181 181 182 181 179 178 178 178 178 179 179 179 179 179 179 179 177 175 178 178 178 176 173 174 178 187 190 187 184 182 179 178 178 178 179 179 179 180 181 180 180 179 180 185 185 187 191 187 179 177 177 171 170 174 174 173 164 150 154 173 181 182 176 159 165 189 192 185 181 181 176 165 160 165 176 180 180 180 180
